bookId,c111,CN01,CN02,CN03,CN04,CN05,CN06,CN07,CN08,DL40,DS01,DS02,DS03,DS04,DS05,DS06,DS07,DS08,GD01,GD02,GD03,GD04,GD05,GD06,GD07,GD08,GD09,GD10,GD11,GD12,GD13,GD14,GD15,GD16,GD17,GD18,GD19,GD20,GD21,GD23,GD24,GD25,GD26,GD27,GD28,GD29,GD30,GD31,GD32,GD33,GD34,GD35,GD36,GD37,GD38,GD39,GD41,GD42,GD43,GD44,GD45,GD46,GD47,GD48,GD49,GD50,GD51,GD52,GD53,GD54,GD55,GD56,GD57,GD58,GD59,GD62,KD01,KD02,KD03,KD04,KD05,KD06,KD07,KD08,LS01,LS02,LS03,LS04,LS05,LS06,LS07,LS08,LT01,LT02,LT03,LT04,LT05,LT06,LT07,LT08,MK01,MK02,MK03,MK04,MK05,MK06,MK07,MK08,SK01,SK02,SK03,SK04,SK05,SK06,SK07,SK08,TT01,TT02,TT03,TT04,TT05,TT06,TT07,TT08
c111,0.0,0.0,0.0,0.0,0.0,0.0,0.0,0.0,0.0,0.0,0.0,0.0,0.0,0.0,0.0,0.0,0.0,0.0,0.0,0.0,0.0,0.0,0.0,0.0,0.0,0.0,0.0,0.0,0.0,0.0,0.0,0.0,0.0,0.0,0.0,0.0,0.0,0.0,0.0,0.0,0.0,0.0,0.0,0.0,0.0,0.0,0.0,0.0,0.0,0.0,0.0,0.0,0.0,0.0,0.0,0.0,0.0,0.0,0.0,0.0,0.0,0.0,0.0,0.0,0.0,0.0,0.0,0.0,0.0,0.0,0.0,0.0,0.0,0.0,0.0,0.0,0.0,0.0,0.0,0.0,0.0,0.0,0.0,0.0,0.0,0.0,0.0,0.0,0.0,0.0,0.0,0.0,0.0,0.0,0.0,0.0,0.0,0.0,0.0,0.0,0.0,0.0,0.0,0.0,0.0,0.0,0.0,0.0,0.0,0.0,0.0,0.0,0.0,0.0,0.0,0.0,0.0,0.0,0.0,0.0,0.0,0.0,0.0,0.0
CN01,0.0,1.0,0.15932995016096888,0.10161469778663261,0.05094730217948171,0.0,0.0,0.16718792288706769,0.12166569457130899,0.28502364528673385,0.0,0.0,0.0,0.0,0.0,0.026665124006793467,0.0,0.0,0.0,0.0,0.0,0.0,0.0,0.0,0.0,0.0,0.0,0.019289335617813708,0.0,0.14939857065957227,0.0,0.05688510766957782,0.08464367648188671,0.0,0.0,0.0,0.040148478426868105,0.0,0.06452293782386269,0.0,0.03454254539422001,0.0,0.0,0.0,0.0,0.0,0.09852829858567823,0.034229711661756056,0.05687915463803301,0.0,0.1567815475111935,0.0,0.11558505652917324,0.0762495912290509,0.0629464414563484,0.11094010607833335,0.08820253439676057,0.0,0.0,0.07060790014314035,0.13661841317310128,0.0,0.0,0.11955574698538876,0.06819604853642955,0.0,0.0,0.06111652002035424,0.0,0.16365206819555292,0.0,0.0,0.0,0.16875682550799817,0.0,0.08998443605077398,0.04520973083543185,0.03667768283631145,0.03443433886392493,0.0,0.05452065657031533,0.0,0.0,0.0,0.0,0.0,0.09763754085244973,0.0,0.0,0.0,0.0,0.0,0.0,0.0,0.0,0.0,0.0,0.0,0.0,0.0,0.031057741001940854,0.06869423085207044,0.0,0.0,0.0,0.0,0.0,0.0,0.0,0.0,0.0,0.04141637956006996,0.0,0.0,0.0,0.0,0.0,0.0,0.028487324246851516,0.0,0.0,0.0,0.0,0.0
CN02,0.0,0.15932995016096888,1.0,0.12428329469122872,0.10880367068694552,0.0,0.0,0.13906723635764062,0.1305454629737799,0.266928570396378,0.0,0.0,0.0,0.0,0.0,0.01753914566506591,0.0,0.0,0.0,0.0,0.0,0.0,0.0,0.0,0.0,0.0,0.0,0.0,0.0,0.09331122574439643,0.0,0.11258811344808212,0.06587287762258252,0.0,0.0,0.0,0.02860914508175564,0.0,0.04440819079332909,0.0,0.022353573530598025,0.0,0.0,0.0,0.0,0.0,0.08892675926507712,0.07835909274562006,0.015453410962026407,0.0,0.19257936047048094,0.0,0.20793207069234806,0.06486517692195348,0.061033830586258546,0.16423017571565957,0.12286455613357958,0.0,0.0,0.13040541005463804,0.15002513898443093,0.0,0.0,0.09198217469339148,0.10609728954857786,0.0,0.0,0.05352827495669985,0.0,0.15086587093755907,0.0,0.0,0.0,0.2202175820031685,0.0,0.058878210348847784,0.07282370451736957,0.017781413624352503,0.0047899937632689075,0.0,0.060386751234329655,0.0,0.0,0.0,0.0,0.0,0.013330639912153292,0.0,0.0,0.0,0.0,0.0,0.0,0.0,0.0,0.0,0.0,0.0,0.0,0.0,0.15964655974105268,0.07711858599845625,0.0,0.0,0.0,0.0,0.0,0.0,0.0,0.0,0.0,0.022280722042294136,0.0,0.0,0.0,0.05795507673248031,0.0,0.0,0.014904575131534639,0.0,0.0,0.0,0.0,0.0
CN03,0.0,0.10161469778663261,0.12428329469122872,1.0,0.1498343875141846,0.0,0.0,0.15244666720150876,0.31169678532747536,0.0669150762144055,0.0,0.0,0.0,0.0,0.0,0.0,0.0,0.0,0.0,0.0,0.0,0.0,0.0,0.0,0.0,0.0,0.0,0.004353769255664877,0.0,0.010766970847013238,0.0,0.08944829877365967,0.03258355453070922,0.0,0.0,0.0,0.026758772258909894,0.0,0.0255498916795237,0.0,0.015094793295431518,0.0,0.0,0.0,0.0,0.0,0.15251809239839373,0.15601145630911967,0.060852054642149545,0.0,0.1727511217767537,0.0,0.0707483867098115,0.033085795238676975,0.11241373103863625,0.09353895653852436,0.07636345149969191,0.0,0.0,0.048654470105375554,0.07328533722255869,0.0,0.0,0.1696485885079947,0.017899559402167725,0.0,0.0,0.06928007941442416,0.0,0.06859282754881416,0.0,0.0,0.0,0.18101308187888188,0.0,0.055911738471579944,0.06262252036222171,0.08993813563125845,0.0334752142098525,0.0,0.030529664235670412,0.0,0.0,0.0,0.0,0.0,0.017898882455792058,0.0,0.0,0.0,0.0,0.0,0.0,0.0,0.0,0.0,0.0,0.0,0.0,0.0,0.016435765653076116,0.07750521095103508,0.0,0.0,0.0,0.0,0.0,0.0,0.0,0.0,0.0,0.05315989927346757,0.0,0.0,0.0,0.03487103268609978,0.0,0.0,0.051864773205064676,0.0,0.0,0.0,0.0,0.0
CN04,0.0,0.05094730217948171,0.10880367068694552,0.1498343875141846,1.0000000000000002,0.0,0.0,0.08624770095056493,0.06387430451508669,0.08010634138097421,0.0,0.0,0.0,0.0,0.0,0.012614992295839289,0.0,0.0,0.0,0.0,0.0,0.0,0.0,0.0,0.0,0.0,0.0,0.020775155763689667,0.0,0.04692966697174383,0.0,0.07891662492362103,0.038501670267142976,0.0,0.0,0.0,0.06685320917152651,0.0,0.02985225915508011,0.0,0.014853426528949427,0.0,0.0,0.0,0.0,0.0,0.09678505501325176,0.107082431660444,0.10561359829319135,0.0,0.13273003392997415,0.0,0.17949795676013686,0.09064601804477537,0.10417588793552207,0.07372024565045997,0.11265968939533035,0.0,0.0,0.05120886706684348,0.07454818686928383,0.0,0.0,0.10334175779025306,0.06289981502214535,0.0,0.0,0.023114094205488198,0.0,0.07142607649769146,0.0,0.0,0.0,0.10563831866155997,0.0,0.05093293996379552,0.06016606427552816,0.08014290214810026,0.054624585995106514,0.0,0.020984238790513497,0.0,0.0,0.0,0.0,0.0,0.027950222611541176,0.0,0.0,0.0,0.0,0.0,0.0,0.0,0.0,0.0,0.0,0.0,0.0,0.0,0.042269879733226406,0.030393205669110485,0.0,0.0,0.0,0.0,0.0,0.0,0.0,0.0,0.0,0.05894052028080926,0.0,0.0,0.0,0.015585676183027482,0.0,0.0,0.0,0.0,0.0,0.0,0.0,0.0
CN05,0.0,0.0,0.0,0.0,0.0,0.9999999999999996,0.0,0.0,0.0,0.0,0.0,0.0,0.0,0.0,0.0,0.0,0.0,0.0,0.0,0.0,0.01709347166016191,0.0,0.0,0.0,0.0,0.0,0.044856078498652675,0.0,0.0,0.0,0.0,0.0,0.0,0.0,0.0,0.0,0.0,0.0,0.0,0.0,0.0,0.0,0.0,0.0,0.0,0.0,0.0,0.0,0.0,0.0,0.0,0.0,0.0,0.0,0.0,0.0,0.0,0.0,0.0,0.0,0.0,0.0,0.0,0.0,0.0,0.0,0.0,0.0,0.0,0.0,0.0,0.0,0.0,0.0,0.0,0.0,0.0,0.0,0.0,0.0,0.0,0.0,0.0,0.0,0.0,0.0,0.0,0.0,0.0,0.0,0.0,0.0,0.025034779291897447,0.02495152953948126,0.01823010822989965,0.1336760965586669,0.03264153823581403,0.05866431144431745,0.0627913599917928,0.004974204784911782,0.0,0.0,0.0,0.0,0.0,0.0,0.0,0.0,0.0,0.0,0.0,0.0,0.0,0.0,0.0,0.0,0.0,0.0,0.0,0.0,0.0,0.0,0.0,0.0
CN06,0.0,0.0,0.0,0.0,0.0,0.0,1.0000000000000002,0.0,0.0,0.0,0.0,0.0,0.0,0.0,0.0,0.0,0.0,0.0,0.0,0.0,0.0,0.0,0.0,0.0,0.0,0.0,0.0,0.0,0.0,0.0,0.0,0.0,0.0,0.0,0.0,0.0,0.0,0.0,0.0,0.0,0.0,0.0,0.0,0.0,0.0,0.0,0.0,0.0,0.0,0.0,0.0,0.0,0.0,0.0,0.0,0.0,0.0,0.0,0.0,0.0,0.0,0.0,0.0,0.0,0.0,0.0,0.0,0.0,0.0,0.0,0.0,0.0,0.0,0.0,0.0,0.0,0.0,0.0,0.0,0.0,0.0,0.0,0.0,0.0,0.0,0.0,0.0,0.0,0.0,0.0,0.0,0.0,0.0,0.0,0.0,0.0,0.0,0.0,0.0,0.0,0.0,0.0,0.0,0.0,0.0,0.0,0.0,0.0,0.2228693556466425,0.06576690856460889,0.07776768835217919,0.0,0.23551122082774656,0.15748312373225778,0.20614813121776743,0.0,0.0,0.0,0.0,0.0,0.0,0.0,0.0,0.0
CN07,0.0,0.16718792288706769,0.13906723635764062,0.15244666720150876,0.08624770095056493,0.0,0.0,1.0000000000000004,0.1747703206225466,0.09601580965069964,0.0,0.0,0.0,0.0,0.0,0.0,0.0,0.0,0.0,0.0,0.0,0.0,0.0,0.0,0.0,0.0,0.0,0.01793875424974983,0.0,0.058660345494403125,0.0,0.07858915248389278,0.07762710805169205,0.0,0.0,0.0,0.018798202346023845,0.0,0.04554214840699356,0.0,0.006510895326076864,0.0,0.0,0.0,0.0,0.0,0.08336026307709134,0.10543825011432739,0.046459839003510674,0.0,0.1163025223592144,0.0,0.03898855847002619,0.11866225587671225,0.17638097825110982,0.059445923572355105,0.05136736516440778,0.0,0.0,0.06395822493842265,0.03245041099495489,0.0,0.0,0.15179808807213735,0.013239826347393365,0.0,0.0,0.044106997154157654,0.0,0.09431019818475023,0.0,0.0,0.0,0.17304924733322133,0.0,0.0341641038053963,0.032379099321268125,0.02017799971600013,0.005643241263063992,0.0,0.02091099077326164,0.0,0.0,0.0,0.0,0.0,0.01730052834835628,0.0,0.0,0.0,0.0,0.0,0.0,0.0,0.0,0.0,0.0,0.0,0.0,0.0,0.03367329980472295,0.11205218398359193,0.0,0.0,0.0,0.0,0.0,0.0,0.0,0.0,0.0,0.021526562490388493,0.0,0.0,0.0,0.0,0.0,0.0,0.009504547164985723,0.0,0.0,0.0,0.0,0.0
CN08,0.0,0.12166569457130899,0.1305454629737799,0.31169678532747536,0.06387430451508669,0.0,0.0,0.1747703206225466,1.0000000000000002,0.069712819733378,0.0,0.0,0.0,0.0,0.0,0.005123857625880237,0.0,0.0,0.0,0.0,0.0,0.0,0.0,0.0,0.0,0.0,0.0,0.0,0.0,0.06395588039644323,0.0,0.1211527341579613,0.033657938601340566,0.0,0.0,0.0,0.03812624616770088,0.0,0.05573211921725651,0.0,0.05062708207959014,0.0,0.0,0.0,0.0,0.0,0.061947978804322006,0.040799430837001584,0.03254968267593527,0.0,0.13025721908324578,0.0,0.07751302300186025,0.029794906229609643,0.06815459495211178,0.03685484748509121,0.1365413157105821,0.0,0.0,0.05786974905639981,0.015192320641172534,0.0,0.0,0.06837336100918227,0.005531379793369835,0.0,0.0,0.03372963449353497,0.0,0.07626352025699763,0.0,0.0,0.0,0.2875587235826403,0.0,0.11845431305841286,0.024125799766613186,0.02076992925465807,0.03088783444098026,0.0,0.0,0.0,0.0,0.0,0.0,0.0,0.06898980264503785,0.0,0.0,0.0,0.0,0.0,0.0,0.0,0.0,0.0,0.0,0.0,0.0,0.0,0.024174077275952204,0.1094029200998375,0.0,0.0,0.0,0.0,0.0,0.0,0.0,0.0,0.0,0.03693564460812542,0.0,0.0,0.0,0.03783325177454128,0.0,0.0,0.010428755301507608,0.0,0.0,0.0,0.0,0.0
DL40,0.0,0.28502364528673385,0.266928570396378,0.0669150762144055,0.08010634138097421,0.0,0.0,0.09601580965069964,0.069712819733378,0.9999999999999982,0.0,0.0,0.0,0.0,0.0,0.08012331714836687,0.0,0.0,0.0,0.0,0.0,0.0,0.0,0.0,0.0,0.0,0.0,0.03916223465731696,0.0,0.17604358108876564,0.0,0.18847637494995906,0.1836456571403528,0.0,0.0,0.0,0.10573435657497021,0.0,0.16217890269455698,0.0,0.1683057125477657,0.0,0.0,0.0,0.0,0.0,0.23476745437131516,0.2094890474189671,0.1481945209669049,0.0,0.2947389727219773,0.0,0.30443027202127,0.2473961723948549,0.20171047097707942,0.29825920572748876,0.24628625550752314,0.0,0.0,0.2583308873997398,0.30424723592318303,0.0,0.0,0.22966321312847604,0.18205260370796278,0.0,0.0,0.16632980379549045,0.0,0.27928770374644174,0.0,0.0,0.0,0.2595152931342878,0.0,0.23895833427159166,0.1574968952766447,0.12748979961400622,0.08904314970103713,0.0,0.09506166276465308,0.0,0.0,0.0,0.0,0.0,0.1109995623040077,0.0,0.0,0.0,0.0,0.0,0.0,0.0,0.0,0.0,0.0,0.0,0.0,0.0,0.1877841713044393,0.12799599296684566,0.0,0.0,0.0,0.0,0.0,0.0,0.0,0.0,0.0,0.11915282298757973,0.0,0.0,0.0,0.06713293525153216,0.0,0.0,0.08200611258702892,0.0,0.0,0.0,0.0,0.0
DS01,0.0,0.0,0.0,0.0,0.0,0.0,0.0,0.0,0.0,0.0,1.0000000000000007,0.0,0.05501146907089442,0.06854564151166839,0.0,0.0,0.0,0.0,0.0,0.0,0.0,0.0,0.0,0.0,0.0,0.0,0.0,0.0,0.0506137363037513,0.0,0.031087979384231787,0.0,0.0,0.04355943609753793,0.08680596284254719,0.03949367084301662,0.0,0.0,0.0,0.04113634160820299,0.0,0.0,0.0,0.06212962980185044,0.09324093319307801,0.02888900027266624,0.0,0.0,0.0,0.06408684175470833,0.0,0.054880718415228326,0.0,0.0,0.0,0.0,0.0,0.0,0.11874427007373232,0.0,0.0,0.07731101238438146,0.04852166563115798,0.0,0.0,0.10086069537251006,0.11350186323156126,0.0,0.1086999696115763,0.0,0.10383678152519821,0.10429428885807561,0.0729318058568055,0.0,0.08476890474537019,0.0,0.0,0.0,0.0,0.0,0.0,0.0,0.0,0.0,0.0,0.0,0.0,0.0,0.0,0.0,0.0,0.0,0.0,0.0,0.0,0.0,0.0,0.0,0.0,0.0,0.0,0.0,0.01684777353904629,0.04834424321328057,0.0,0.0,0.0,0.0,0.0,0.0,0.0,0.0,0.0,0.0,0.0,0.0,0.024225588067671,0.0,0.0,0.0,0.0,0.0,0.0,0.0
DS02,0.0,0.0,0.0,0.0,0.0,0.0,0.0,0.0,0.0,0.0,0.0,1.0000000000000002,0.0,0.0,0.06877929170851313,0.0,0.09574545838792044,0.10517110825346504,0.1034263863462129,0.11778621514603528,0.0,0.0,0.022892834339291433,0.02500880857303056,0.07191681223573212,0.020344370049312235,0.0,0.0,0.0,0.0,0.0,0.0,0.0,0.0,0.0,0.0,0.0,0.09824887109620176,0.0,0.0,0.0,0.09448283988809107,0.0028152836999137073,0.0,0.0,0.0,0.0,0.0,0.0,0.0,0.0,0.0,0.0,0.0,0.0,0.0,0.0,0.0,0.0,0.0,0.0,0.0,0.0,0.0,0.0,0.0,0.0,0.0,0.0,0.0,0.0,0.0,0.0,0.0,0.0,0.0,0.0,0.0,0.0,0.0,0.0,0.0,0.0,0.0,0.0,0.0,0.0,0.0,0.0,0.05482708333084123,0.0,0.0,0.0,0.0,0.0,0.0,0.0,0.0,0.0,0.0,0.0,0.0,0.0,0.0,0.0,0.0,0.0,0.0,0.0,0.0,0.0,0.0,0.0,0.0,0.0,0.0,0.0,0.010960977563220937,0.0,0.0,0.053581437736881614,0.0,0.0,0.10386177621665174
DS03,0.0,0.0,0.0,0.0,0.0,0.0,0.0,0.0,0.0,0.0,0.05501146907089442,0.0,0.9999999999999999,0.06480179383343274,0.0,0.0,0.0,0.0,0.0,0.0,0.0,0.0,0.0,0.0,0.0,0.0,0.0,0.0,0.1448882165602693,0.0,0.04852370861529283,0.0,0.0,0.0502270005216054,0.062047723235488426,0.06574951583366692,0.0,0.0,0.0,0.040960365988822335,0.0,0.0,0.0,0.03849819073008855,0.05382902826142108,0.032769101519287205,0.0,0.0,0.0,0.02614626546805548,0.0,0.026415216640405637,0.0,0.0,0.0,0.0,0.0,0.0,0.056016318619844636,0.0,0.0,0.05869221405084076,0.058454034826059625,0.0,0.0,0.05499294842540036,0.03859086507262241,0.0,0.06165603439768929,0.0,0.08045574025107075,0.05511558038015638,0.013483372704409791,0.0,0.04979120170868857,0.0,0.0,0.0,0.0,0.0,0.0,0.0,0.0,0.0,0.0,0.0,0.0,0.0,0.0,0.0,0.0,0.0,0.0,0.0,0.0,0.0,0.0,0.0,0.0,0.0,0.0,0.0,0.013601766268012306,0.06492322262689776,0.0,0.0,0.0,0.0,0.0,0.0,0.0,0.0,0.0,0.0,0.0,0.0,0.005811391561120363,0.0,0.0,0.0,0.0,0.0,0.0,0.0
DS04,0.0,0.0,0.0,0.0,0.0,0.0,0.0,0.0,0.0,0.0,0.06854564151166839,0.0,0.06480179383343274,1.0000000000000002,0.0,0.0,0.0,0.0,0.0,0.0,0.0,0.0,0.0,0.0,0.0,0.0,0.0,0.0,0.14601910608194962,0.0,0.022461286106172595,0.0,0.0,0.06485967760525939,0.07793638004454687,0.10430497453353746,0.0,0.0,0.0,0.06820312529328303,0.0,0.0,0.0,0.05663625977762086,0.10698154266446772,0.03636642161027491,0.0,0.0,0.0,0.050960267167568435,0.0,0.0525498283956999,0.0,0.0,0.0,0.0,0.0,0.0,0.11619030573744585,0.0,0.0,0.06811311594303186,0.07834538561512229,0.0,0.0,0.17150188823732035,0.10741089155311988,0.0,0.11145347885158415,0.0,0.1966843935274755,0.05057785576777816,0.022105814996173152,0.0,0.03254457857028878,0.0,0.0,0.0,0.0,0.0,0.0,0.0,0.0,0.0,0.0,0.0,0.0,0.0,0.0,0.0,0.0,0.0,0.0,0.0,0.0,0.0,0.0,0.0,0.0,0.0,0.0,0.0,0.08672167630374507,0.01855174720831005,0.0,0.0,0.0,0.0,0.0,0.0,0.0,0.0,0.0,0.0,0.0,0.0,0.08284878100257637,0.0,0.0,0.0,0.0,0.0,0.0,0.0
DS05,0.0,0.0,0.0,0.0,0.0,0.0,0.0,0.0,0.0,0.0,0.0,0.06877929170851313,0.0,0.0,1.0000000000000002,0.0,0.05543006044129793,0.07177301029162805,0.05433608717765748,0.03366544853781103,0.0,0.0,0.0054254319035866045,0.023900538565244284,0.01056708309145103,0.013456947385516144,0.0,0.0,0.0,0.0,0.0,0.0,0.0,0.0,0.0,0.0,0.0,0.04629362850927386,0.0,0.0,0.0,0.03202881248099561,0.01755337809701292,0.0,0.0,0.0,0.0,0.0,0.0,0.0,0.0,0.0,0.0,0.0,0.0,0.0,0.0,0.0,0.0,0.0,0.0,0.0,0.0,0.0,0.0,0.0,0.0,0.0,0.0,0.0,0.0,0.0,0.0,0.0,0.0,0.0,0.0,0.0,0.0,0.0,0.0,0.0,0.0,0.0,0.0,0.0,0.0,0.0,0.0,0.013494459908558796,0.0,0.0,0.0,0.0,0.0,0.0,0.0,0.0,0.0,0.0,0.0,0.0,0.0,0.0,0.0,0.0,0.0,0.0,0.0,0.0,0.0,0.0,0.0,0.0,0.0,0.0,0.0,0.0038291305804223144,0.0,0.01313312121275733,0.015103335546741318,0.008040649776337347,0.0061867287552851815,0.004954069263459641
DS06,0.0,0.026665124006793467,0.01753914566506591,0.0,0.012614992295839289,0.0,0.0,0.0,0.005123857625880237,0.08012331714836687,0.0,0.0,0.0,0.0,0.0,1.0,0.0,0.0,0.0,0.0,0.0,0.0,0.0,0.0,0.0,0.0,0.0,0.0,0.0,0.09543914208203468,0.0,0.010537866194665782,0.06860405054999784,0.0,0.0,0.0,0.04028088541757638,0.0,0.0182314503764769,0.0,0.05106144927019623,0.0,0.0,0.0,0.0,0.0,0.052115728692660436,0.04121601364121261,0.04309546903760192,0.0,0.0647421381602002,0.0,0.11287504096256963,0.05536392214606209,0.025493118385669044,0.09959362367280954,0.03305029910314419,0.0,0.0,0.033235133323711606,0.0452132502238534,0.0,0.0,0.03036970353767622,0.09432775460301925,0.0,0.0,0.049036009945834944,0.0,0.03199552700499512,0.0,0.0,0.0,0.02942681195249518,0.0,0.05495330294618605,0.02762784568167323,0.03104414966181779,0.01041461593305082,0.0,0.013025296414597671,0.0,0.0,0.0,0.0,0.0,0.0,0.0,0.0,0.0,0.0,0.0,0.0,0.0,0.0,0.0,0.0,0.0,0.0,0.0,0.007837993569214377,0.00982241418751721,0.0,0.0,0.0,0.0,0.0,0.0,0.0,0.0,0.0,0.03438597096628296,0.0,0.0,0.0,0.0073576725056218656,0.0,0.0,0.04814867017881759,0.0,0.0,0.0,0.0,0.0
DS07,0.0,0.0,0.0,0.0,0.0,0.0,0.0,0.0,0.0,0.0,0.0,0.09574545838792044,0.0,0.0,0.05543006044129793,0.0,1.0,0.12374300695696962,0.01945298744031411,0.06240532088803817,0.0,0.0,0.0,0.009254990904221846,0.017510928680262702,0.037030927225661495,0.0,0.0,0.0,0.0,0.0,0.0,0.0,0.0,0.0,0.0,0.0,0.05483478147698413,0.0,0.0,0.0,0.05477365655156171,0.020119492849733626,0.0,0.0,0.0,0.0,0.0,0.0,0.0,0.0,0.0,0.0,0.0,0.0,0.0,0.0,0.0,0.0,0.0,0.0,0.0,0.0,0.0,0.0,0.0,0.0,0.0,0.0,0.0,0.0,0.0,0.0,0.0,0.0,0.0,0.0,0.0,0.0,0.0,0.0,0.0,0.0,0.0,0.0,0.0,0.0,0.0,0.0,0.018285618518617625,0.0,0.0,0.0,0.0,0.0,0.0,0.0,0.0,0.0,0.0,0.0,0.0,0.0,0.0,0.0,0.0,0.0,0.0,0.0,0.0,0.0,0.0,0.0,0.0,0.0,0.0,0.0,0.0074543202918888355,0.0,0.0,0.013130751615470464,0.0,0.00554318138004609,0.04125173193048989
DS08,0.0,0.0,0.0,0.0,0.0,0.0,0.0,0.0,0.0,0.0,0.0,0.10517110825346504,0.0,0.0,0.07177301029162805,0.0,0.12374300695696962,1.0000000000000004,0.027385582748029484,0.04969227415669415,0.0,0.0,0.0,0.014201057907556386,0.04818908778793618,0.05682105442829073,0.0,0.0,0.0,0.0,0.0,0.0,0.0,0.0,0.0,0.0,0.0,0.11217668619532405,0.0,0.0,0.0,0.06365451711436515,0.06746107727768026,0.0,0.0,0.0,0.0,0.0,0.0,0.0,0.0,0.0,0.0,0.0,0.0,0.0,0.0,0.0,0.0,0.0,0.0,0.0,0.0,0.0,0.0,0.0,0.0,0.0,0.0,0.0,0.0,0.0,0.0,0.0,0.0,0.0,0.0,0.0,0.0,0.0,0.0,0.0,0.0,0.0,0.0,0.0,0.0,0.0,0.0,0.014871773035646756,0.0,0.0,0.0,0.0,0.0,0.0,0.0,0.0,0.0,0.0,0.0,0.0,0.0,0.0,0.0,0.0,0.0,0.0,0.0,0.0,0.0,0.0,0.0,0.0,0.0,0.0,0.0,0.0,0.0,0.0,0.057600929766954356,0.0,0.09265095738613914,0.1510268726713005
GD01,0.0,0.0,0.0,0.0,0.0,0.0,0.0,0.0,0.0,0.0,0.0,0.1034263863462129,0.0,0.0,0.05433608717765748,0.0,0.01945298744031411,0.027385582748029484,1.0000000000000002,0.3164891513737497,0.0,0.0,0.21815184025122938,0.1223856990018603,0.3041454479479772,0.22583033905107985,0.0,0.0,0.0,0.0,0.0,0.0,0.0,0.0,0.0,0.0,0.0,0.19316702187495383,0.0,0.0,0.0,0.13094392086614398,0.022749795982326668,0.0,0.0,0.0,0.0,0.0,0.0,0.0,0.0,0.0,0.0,0.0,0.0,0.0,0.0,0.0,0.0,0.0,0.0,0.0,0.0,0.0,0.0,0.0,0.0,0.0,0.0,0.0,0.0,0.0,0.0,0.0,0.0,0.0,0.0,0.0,0.0,0.0,0.0,0.0,0.0,0.0,0.0,0.0,0.0,0.0,0.0,0.06827787876558346,0.0,0.0,0.0,0.0,0.0,0.0,0.0,0.0,0.0,0.0,0.0,0.0,0.0,0.0,0.0,0.0,0.0,0.0,0.0,0.0,0.0,0.0,0.0,0.0,0.0,0.0,0.0,0.0,0.0,0.013606663743740945,0.011926878983793514,0.0,0.01587365983399002,0.017466361771057603
GD02,0.0,0.0,0.0,0.0,0.0,0.0,0.0,0.0,0.0,0.0,0.0,0.11778621514603528,0.0,0.0,0.03366544853781103,0.0,0.06240532088803817,0.04969227415669415,0.3164891513737497,1.0000000000000002,0.0,0.0,0.18348996100576825,0.12263685213018256,0.17114327932852816,0.12358281386264128,0.0,0.0,0.0,0.0,0.0,0.0,0.0,0.0,0.0,0.0,0.0,0.13038397924358397,0.0,0.0,0.0,0.08156744761977013,0.0046666321074177305,0.0,0.0,0.0,0.0,0.0,0.0,0.0,0.0,0.0,0.0,0.0,0.0,0.0,0.0,0.0,0.0,0.0,0.0,0.0,0.0,0.0,0.0,0.0,0.0,0.0,0.0,0.0,0.0,0.0,0.0,0.0,0.0,0.0,0.0,0.0,0.0,0.0,0.0,0.0,0.0,0.0,0.0,0.0,0.0,0.0,0.0,0.04638673316377592,0.0,0.0,0.0,0.0,0.0,0.0,0.0,0.0,0.0,0.0,0.0,0.0,0.0,0.0,0.0,0.0,0.0,0.0,0.0,0.0,0.0,0.0,0.0,0.0,0.0,0.0,0.0,0.053065449941583805,0.0,0.015394997808758642,0.03684673312587003,0.0,0.04326820883663514,0.011339508769969177
GD03,0.0,0.0,0.0,0.0,0.0,0.01709347166016191,0.0,0.0,0.0,0.0,0.0,0.0,0.0,0.0,0.0,0.0,0.0,0.0,0.0,0.0,0.9999999999999997,0.0,0.0,0.0,0.0,0.0,0.004980361973274618,0.0,0.0,0.0,0.0,0.0,0.0,0.0,0.0,0.0,0.0,0.0,0.0,0.0,0.0,0.0,0.0,0.0,0.0,0.0,0.0,0.0,0.0,0.0,0.0,0.0,0.0,0.0,0.0,0.0,0.0,0.0,0.0,0.0,0.0,0.0,0.0,0.0,0.0,0.0,0.0,0.0,0.0,0.0,0.0,0.0,0.0,0.0,0.0,0.0,0.0,0.0,0.0,0.0,0.0,0.0,0.0,0.0,0.0,0.0,0.0,0.0,0.0,0.0,0.0,0.0,0.15206860288948015,0.0559340755179513,0.038653116917667645,0.1995205635424327,0.05534954293388094,0.008821652809318847,0.016675163425594833,0.21953043918047527,0.0,0.0,0.0,0.0,0.0,0.0,0.0,0.0,0.0,0.0,0.0,0.0,0.0,0.0,0.0,0.0,0.0,0.0,0.0,0.0,0.0,0.0,0.0,0.0
GD04,0.0,0.0,0.0,0.0,0.0,0.0,0.0,0.0,0.0,0.0,0.0,0.0,0.0,0.0,0.0,0.0,0.0,0.0,0.0,0.0,0.0,1.0000000000000002,0.0,0.0,0.0,0.0,0.0,0.0,0.0,0.0,0.0,0.0,0.0,0.0,0.0,0.0,0.0,0.0,0.0,0.0,0.0,0.0,0.0,0.0,0.0,0.0,0.0,0.0,0.0,0.0,0.0,0.0,0.0,0.0,0.0,0.0,0.0,0.0,0.0,0.0,0.0,0.0,0.0,0.0,0.0,0.0,0.0,0.0,0.0,0.0,0.0,0.0,0.0,0.0,0.0,0.0,0.0,0.0,0.0,0.0,0.0,0.0,0.0,0.0,0.014750890830820878,0.02934678308631035,0.0,0.04083191265280028,0.15090889310742028,0.0,0.042860601545322126,0.01679041910937856,0.0,0.0,0.0,0.0,0.0,0.0,0.0,0.0,0.0,0.0,0.0,0.0,0.0,0.0,0.0,0.0,0.0,0.0,0.0,0.0,0.0,0.0,0.0,0.0,0.0,0.0,0.0,0.0,0.0,0.0,0.0,0.0
GD05,0.0,0.0,0.0,0.0,0.0,0.0,0.0,0.0,0.0,0.0,0.0,0.022892834339291433,0.0,0.0,0.0054254319035866045,0.0,0.0,0.0,0.21815184025122938,0.18348996100576825,0.0,0.0,1.0000000000000002,0.21172128091204856,0.21061602429861168,0.3061511753976328,0.0,0.0,0.0,0.0,0.0,0.0,0.0,0.0,0.0,0.0,0.0,0.1051784346041452,0.0,0.0,0.0,0.1521554485432462,0.022749358908824912,0.0,0.0,0.0,0.0,0.0,0.0,0.0,0.0,0.0,0.0,0.0,0.0,0.0,0.0,0.0,0.0,0.0,0.0,0.0,0.0,0.0,0.0,0.0,0.0,0.0,0.0,0.0,0.0,0.0,0.0,0.0,0.0,0.0,0.0,0.0,0.0,0.0,0.0,0.0,0.0,0.0,0.0,0.0,0.0,0.0,0.0,0.08011178308832598,0.0,0.0,0.0,0.0,0.0,0.0,0.0,0.0,0.0,0.0,0.0,0.0,0.0,0.0,0.0,0.0,0.0,0.0,0.0,0.0,0.0,0.0,0.0,0.0,0.0,0.0,0.0,0.00430807688535651,0.0,0.019306253300105398,0.040663828495209636,0.009046371419609697,0.24767379185018393,0.027439194625614387
GD06,0.0,0.0,0.0,0.0,0.0,0.0,0.0,0.0,0.0,0.0,0.0,0.02500880857303056,0.0,0.0,0.023900538565244284,0.0,0.009254990904221846,0.014201057907556386,0.1223856990018603,0.12263685213018256,0.0,0.0,0.21172128091204856,1.0,0.2222701797628776,0.12029587197227573,0.0,0.0,0.0,0.0,0.0,0.0,0.0,0.0,0.0,0.0,0.0,0.14545193798768472,0.0,0.0,0.0,0.10547157382263128,0.005828551524255654,0.0,0.0,0.0,0.0,0.0,0.0,0.0,0.0,0.0,0.0,0.0,0.0,0.0,0.0,0.0,0.0,0.0,0.0,0.0,0.0,0.0,0.0,0.0,0.0,0.0,0.0,0.0,0.0,0.0,0.0,0.0,0.0,0.0,0.0,0.0,0.0,0.0,0.0,0.0,0.0,0.0,0.0,0.0,0.0,0.0,0.0,0.08166453205751485,0.0,0.0,0.0,0.0,0.0,0.0,0.0,0.0,0.0,0.0,0.0,0.0,0.0,0.0,0.0,0.0,0.0,0.0,0.0,0.0,0.0,0.0,0.0,0.0,0.0,0.0,0.0,0.04363907715598319,0.0,0.12609415802391533,0.1300561524874964,0.09086729913814638,0.24785283341783027,0.2747560739843359
GD07,0.0,0.0,0.0,0.0,0.0,0.0,0.0,0.0,0.0,0.0,0.0,0.07191681223573212,0.0,0.0,0.01056708309145103,0.0,0.017510928680262702,0.04818908778793618,0.3041454479479772,0.17114327932852816,0.0,0.0,0.21061602429861168,0.2222701797628776,1.0000000000000004,0.13663119221190279,0.0,0.0,0.0,0.0,0.0,0.0,0.0,0.0,0.0,0.0,0.0,0.1384339772714614,0.0,0.0,0.0,0.0965409864360239,0.013656588680013664,0.0,0.0,0.0,0.0,0.0,0.0,0.0,0.0,0.0,0.0,0.0,0.0,0.0,0.0,0.0,0.0,0.0,0.0,0.0,0.0,0.0,0.0,0.0,0.0,0.0,0.0,0.0,0.0,0.0,0.0,0.0,0.0,0.0,0.0,0.0,0.0,0.0,0.0,0.0,0.0,0.0,0.0,0.0,0.0,0.0,0.0,0.04355916961036352,0.0,0.0,0.0,0.0,0.0,0.0,0.0,0.0,0.0,0.0,0.0,0.0,0.0,0.0,0.0,0.0,0.0,0.0,0.0,0.0,0.0,0.0,0.0,0.0,0.0,0.0,0.0,0.019380823192008657,0.0,0.020994773293530104,0.04796016528256588,0.0,0.07086239766975806,0.015464140939991195
GD08,0.0,0.0,0.0,0.0,0.0,0.0,0.0,0.0,0.0,0.0,0.0,0.020344370049312235,0.0,0.0,0.013456947385516144,0.0,0.037030927225661495,0.05682105442829073,0.22583033905107985,0.12358281386264128,0.0,0.0,0.3061511753976328,0.12029587197227573,0.13663119221190279,1.0,0.0,0.0,0.0,0.0,0.0,0.0,0.0,0.0,0.0,0.0,0.0,0.08535667840822092,0.0,0.0,0.0,0.1178607335924193,0.010867690445132062,0.0,0.0,0.0,0.0,0.0,0.0,0.0,0.0,0.0,0.0,0.0,0.0,0.0,0.0,0.0,0.0,0.0,0.0,0.0,0.0,0.0,0.0,0.0,0.0,0.0,0.0,0.0,0.0,0.0,0.0,0.0,0.0,0.0,0.0,0.0,0.0,0.0,0.0,0.0,0.0,0.0,0.0,0.0,0.0,0.0,0.0,0.07119362051477558,0.0,0.0,0.0,0.0,0.0,0.0,0.0,0.0,0.0,0.0,0.0,0.0,0.0,0.0,0.0,0.0,0.0,0.0,0.0,0.0,0.0,0.0,0.0,0.0,0.0,0.0,0.0,0.003828495373600562,0.0,0.005752497747737248,0.011038021417025687,0.008039315929010393,0.0,0.183594428553159
GD09,0.0,0.0,0.0,0.0,0.0,0.044856078498652675,0.0,0.0,0.0,0.0,0.0,0.0,0.0,0.0,0.0,0.0,0.0,0.0,0.0,0.0,0.004980361973274618,0.0,0.0,0.0,0.0,0.0,1.0000000000000002,0.0,0.0,0.0,0.0,0.0,0.0,0.0,0.0,0.0,0.0,0.0,0.0,0.0,0.0,0.0,0.0,0.0,0.0,0.0,0.0,0.0,0.0,0.0,0.0,0.0,0.0,0.0,0.0,0.0,0.0,0.0,0.0,0.0,0.0,0.0,0.0,0.0,0.0,0.0,0.0,0.0,0.0,0.0,0.0,0.0,0.0,0.0,0.0,0.0,0.0,0.0,0.0,0.0,0.0,0.0,0.0,0.0,0.0,0.0,0.0,0.0,0.0,0.0,0.0,0.0,0.03320698037043517,0.1412803139076114,0.03619941766292385,0.09067924795479515,0.0,0.02434909771404203,0.10242803832462187,0.01432672589177492,0.0,0.0,0.0,0.0,0.0,0.0,0.0,0.0,0.0,0.0,0.0,0.0,0.0,0.0,0.0,0.0,0.0,0.0,0.0,0.0,0.0,0.0,0.0,0.0
GD10,0.0,0.019289335617813708,0.0,0.004353769255664877,0.020775155763689667,0.0,0.0,0.01793875424974983,0.0,0.03916223465731696,0.0,0.0,0.0,0.0,0.0,0.0,0.0,0.0,0.0,0.0,0.0,0.0,0.0,0.0,0.0,0.0,0.0,1.0,0.0,0.02224130437154347,0.0,0.04186859021167314,0.04739406564991428,0.0,0.0,0.0,0.07268954587606163,0.0,0.031706420208512026,0.0,0.019235168594594065,0.0,0.0,0.0,0.0,0.0,0.05221120338240804,0.03043938222917701,0.13332746353899239,0.0,0.03054073915743937,0.0,0.016898763744834247,0.02788551664775673,0.004551200390004154,0.02585560963205895,0.026168467874565567,0.0,0.0,0.025268764559617407,0.008651443181057603,0.0,0.0,0.021149483748406847,0.0,0.0,0.0,0.005779283633937812,0.0,0.020568127163095667,0.0,0.0,0.0,0.01825777201305088,0.0,0.044947278983703376,0.053026082855776244,0.022265052025147572,0.0,0.0,0.007752288606138224,0.0,0.0,0.0,0.0,0.0,0.0,0.0,0.0,0.0,0.0,0.0,0.0,0.0,0.0,0.0,0.0,0.0,0.0,0.0,0.005174206151294642,0.0,0.0,0.0,0.0,0.0,0.0,0.0,0.0,0.0,0.0,0.03211038631477967,0.0,0.0,0.0,0.0,0.0,0.0,0.0,0.0,0.0,0.0,0.0,0.0
GD11,0.0,0.0,0.0,0.0,0.0,0.0,0.0,0.0,0.0,0.0,0.0506137363037513,0.0,0.1448882165602693,0.14601910608194962,0.0,0.0,0.0,0.0,0.0,0.0,0.0,0.0,0.0,0.0,0.0,0.0,0.0,0.0,1.0,0.0,0.0578754383065592,0.0,0.0,0.08684773981963878,0.1317673208889505,0.16373721766868024,0.0,0.0,0.0,0.08099502470803853,0.0,0.0,0.0,0.08846869199246299,0.1770818799569532,0.063919362926813,0.0,0.0,0.0,0.06526108884950751,0.0,0.058972356729471334,0.0,0.0,0.0,0.0,0.0,0.0,0.13206754155691097,0.0,0.0,0.07689705955342085,0.12074193238468353,0.0,0.0,0.1383683874793567,0.11111175990410022,0.0,0.1420653678684422,0.0,0.13997861345560503,0.08827961649155286,0.057250208105114636,0.0,0.10175498500831669,0.0,0.0,0.0,0.0,0.0,0.0,0.0,0.0,0.0,0.0,0.0,0.0,0.0,0.0,0.0,0.0,0.0,0.0,0.0,0.0,0.0,0.0,0.0,0.0,0.0,0.0,0.0,0.09123975152663173,0.04342028669526493,0.0,0.0,0.0,0.0,0.0,0.0,0.0,0.0,0.0,0.0,0.0,0.0,0.03251173829343033,0.0,0.0,0.0,0.0,0.0,0.0,0.0
GD12,0.0,0.14939857065957227,0.09331122574439643,0.010766970847013238,0.04692966697174383,0.0,0.0,0.058660345494403125,0.06395588039644323,0.17604358108876564,0.0,0.0,0.0,0.0,0.0,0.09543914208203468,0.0,0.0,0.0,0.0,0.0,0.0,0.0,0.0,0.0,0.0,0.0,0.02224130437154347,0.0,1.0000000000000007,0.0,0.06864479556369828,0.11080169566016668,0.0,0.0,0.0,0.07982668228421919,0.0,0.1648186352842866,0.0,0.10295687817270635,0.0,0.0,0.0,0.0,0.0,0.12715445523493946,0.06398322314667648,0.12833928645443377,0.0,0.14218692006414166,0.0,0.1458001246010903,0.16410052479094886,0.11464079970553011,0.22333487875819721,0.1034487925594565,0.0,0.0,0.11713793613411388,0.1364418459353319,0.0,0.0,0.11910361659949298,0.10118034906499065,0.0,0.0,0.08382265159524217,0.0,0.22490825497277983,0.0,0.0,0.0,0.12255381842434278,0.0,0.16845972760493094,0.08294732444164514,0.05252921902400194,0.04305394924685198,0.0,0.09377750380019245,0.0,0.0,0.0,0.0,0.0,0.06403053323488697,0.0,0.0,0.0,0.0,0.0,0.0,0.0,0.0,0.0,0.0,0.0,0.0,0.0,0.0365190379954863,0.06964720525663595,0.0,0.0,0.0,0.0,0.0,0.0,0.0,0.0,0.0,0.04047486600229262,0.0,0.0,0.0,0.012087071623454248,0.0,0.0,0.061072013612785775,0.0,0.0,0.0,0.0,0.0
GD13,0.0,0.0,0.0,0.0,0.0,0.0,0.0,0.0,0.0,0.0,0.031087979384231787,0.0,0.04852370861529283,0.022461286106172595,0.0,0.0,0.0,0.0,0.0,0.0,0.0,0.0,0.0,0.0,0.0,0.0,0.0,0.0,0.0578754383065592,0.0,0.9999999999999996,0.0,0.0,0.12826181468887288,0.20292626579235357,0.08626866150171965,0.0,0.0,0.0,0.1130649572556464,0.0,0.0,0.0,0.17650061315728002,0.08418600107926645,0.11167559990094,0.0,0.0,0.0,0.1599549583514424,0.0,0.11949632411035986,0.0,0.0,0.0,0.0,0.0,0.0,0.13668695645929968,0.0,0.0,0.09760366260640396,0.17369036296822296,0.0,0.0,0.1566959273686137,0.1499756629774161,0.0,0.12914104799508921,0.0,0.13459174384756517,0.1283346183742284,0.06925498587091167,0.0,0.1707151035859074,0.0,0.0,0.0,0.0,0.0,0.0,0.0,0.0,0.0,0.0,0.0,0.0,0.0,0.0,0.0,0.0,0.0,0.0,0.0,0.0,0.0,0.0,0.0,0.0,0.0,0.0,0.0,0.05271526624452267,0.0647397565128725,0.0,0.0,0.0,0.0,0.0,0.0,0.0,0.0,0.0,0.0,0.0,0.0,0.019126994700062162,0.0,0.0,0.0,0.0,0.0,0.0,0.0
GD14,0.0,0.05688510766957782,0.11258811344808212,0.08944829877365967,0.07891662492362103,0.0,0.0,0.07858915248389278,0.1211527341579613,0.18847637494995906,0.0,0.0,0.0,0.0,0.0,0.010537866194665782,0.0,0.0,0.0,0.0,0.0,0.0,0.0,0.0,0.0,0.0,0.0,0.04186859021167314,0.0,0.06864479556369828,0.0,0.9999999999999993,0.13219706823844915,0.0,0.0,0.0,0.11306868008425577,0.0,0.12372624010372354,0.0,0.09372310508196477,0.0,0.0,0.0,0.0,0.0,0.1525879636676968,0.15420592009529033,0.15335242766631674,0.0,0.19309034879505144,0.0,0.14154270587983125,0.13166833773697192,0.12230296573900871,0.11978958485039581,0.17571449562720454,0.0,0.0,0.13293984526951036,0.09170032103866979,0.0,0.0,0.16950457395111077,0.06967580025655477,0.0,0.0,0.12766876145935893,0.0,0.14377377510179745,0.0,0.0,0.0,0.23334267084067298,0.0,0.218389773054475,0.15647845397358098,0.12377034791554724,0.0212483372989347,0.0,0.025683768470505006,0.0,0.0,0.0,0.0,0.0,0.04176646101809085,0.0,0.0,0.0,0.0,0.0,0.0,0.0,0.0,0.0,0.0,0.0,0.0,0.0,0.07008925764933725,0.10402678247887218,0.0,0.0,0.0,0.0,0.0,0.0,0.0,0.0,0.0,0.07195037264851536,0.0,0.0,0.0,0.03957101203636584,0.0,0.0,0.036493519627854125,0.0,0.0,0.0,0.0,0.0
GD15,0.0,0.08464367648188671,0.06587287762258252,0.03258355453070922,0.038501670267142976,0.0,0.0,0.07762710805169205,0.033657938601340566,0.1836456571403528,0.0,0.0,0.0,0.0,0.0,0.06860405054999784,0.0,0.0,0.0,0.0,0.0,0.0,0.0,0.0,0.0,0.0,0.0,0.04739406564991428,0.0,0.11080169566016668,0.0,0.13219706823844915,1.0000000000000007,0.0,0.0,0.0,0.15580845889822145,0.0,0.19453788462322535,0.0,0.1234825843860691,0.0,0.0,0.0,0.0,0.0,0.15015790925701744,0.13533223658101767,0.13820208506401552,0.0,0.20468289266440365,0.0,0.13677072484825153,0.14773724037891098,0.10208335579133336,0.1244486112698606,0.07879129267658062,0.0,0.0,0.11325703998388904,0.10229250410252835,0.0,0.0,0.1332422564641828,0.05389494904546478,0.0,0.0,0.1130043480116301,0.0,0.15285984375277867,0.0,0.0,0.0,0.17667318137625931,0.0,0.16933808747260962,0.0847040393879856,0.14913797912296417,0.024474414031105163,0.0,0.033806059722797564,0.0,0.0,0.0,0.0,0.0,0.03780128729781364,0.0,0.0,0.0,0.0,0.0,0.0,0.0,0.0,0.0,0.0,0.0,0.0,0.0,0.07185557972757044,0.05374977358450225,0.0,0.0,0.0,0.0,0.0,0.0,0.0,0.0,0.0,0.13799441108509955,0.0,0.0,0.0,0.06555460270150955,0.0,0.0,0.07120293504236283,0.0,0.0,0.0,0.0,0.0
GD16,0.0,0.0,0.0,0.0,0.0,0.0,0.0,0.0,0.0,0.0,0.04355943609753793,0.0,0.0502270005216054,0.06485967760525939,0.0,0.0,0.0,0.0,0.0,0.0,0.0,0.0,0.0,0.0,0.0,0.0,0.0,0.0,0.08684773981963878,0.0,0.12826181468887288,0.0,0.0,1.0000000000000002,0.20831304470085094,0.10822033348108386,0.0,0.0,0.0,0.09473896466916742,0.0,0.0,0.0,0.24379443559432476,0.10979954329984645,0.13769787312040627,0.0,0.0,0.0,0.15435239797873787,0.0,0.09561150582590974,0.0,0.0,0.0,0.0,0.0,0.0,0.16620260492392278,0.0,0.0,0.10721691429824531,0.15181797559231527,0.0,0.0,0.17335451854374812,0.16005595569967346,0.0,0.14882440856366264,0.0,0.13442375394786815,0.16092435275095876,0.08162459744717174,0.0,0.15677906404346656,0.0,0.0,0.0,0.0,0.0,0.0,0.0,0.0,0.0,0.0,0.0,0.0,0.0,0.0,0.0,0.0,0.0,0.0,0.0,0.0,0.0,0.0,0.0,0.0,0.0,0.0,0.0,0.05476094883699455,0.18259713607488545,0.0,0.0,0.0,0.0,0.0,0.0,0.0,0.0,0.0,0.0,0.0,0.0,0.029996397668522936,0.0,0.0,0.0,0.0,0.0,0.0,0.0
GD17,0.0,0.0,0.0,0.0,0.0,0.0,0.0,0.0,0.0,0.0,0.08680596284254719,0.0,0.062047723235488426,0.07793638004454687,0.0,0.0,0.0,0.0,0.0,0.0,0.0,0.0,0.0,0.0,0.0,0.0,0.0,0.0,0.1317673208889505,0.0,0.20292626579235357,0.0,0.0,0.20831304470085094,0.9999999999999998,0.12041472589178469,0.0,0.0,0.0,0.13920809630622916,0.0,0.0,0.0,0.21974399895098853,0.18175951404036336,0.2134455602838754,0.0,0.0,0.0,0.15621541842912545,0.0,0.10095332949351997,0.0,0.0,0.0,0.0,0.0,0.0,0.1444397065104307,0.0,0.0,0.11168174255405408,0.15979106213511612,0.0,0.0,0.19083145996741824,0.12475570904384492,0.0,0.15092782599088267,0.0,0.20646283365235174,0.13056998708246184,0.07863745402874942,0.0,0.17336302142127172,0.0,0.0,0.0,0.0,0.0,0.0,0.0,0.0,0.0,0.0,0.0,0.0,0.0,0.0,0.0,0.0,0.0,0.0,0.0,0.0,0.0,0.0,0.0,0.0,0.0,0.0,0.0,0.05099702007802192,0.07975678041322701,0.0,0.0,0.0,0.0,0.0,0.0,0.0,0.0,0.0,0.0,0.0,0.0,0.03411373726277323,0.0,0.0,0.0,0.0,0.0,0.0,0.0
GD18,0.0,0.0,0.0,0.0,0.0,0.0,0.0,0.0,0.0,0.0,0.03949367084301662,0.0,0.06574951583366692,0.10430497453353746,0.0,0.0,0.0,0.0,0.0,0.0,0.0,0.0,0.0,0.0,0.0,0.0,0.0,0.0,0.16373721766868024,0.0,0.08626866150171965,0.0,0.0,0.10822033348108386,0.12041472589178469,1.0,0.0,0.0,0.0,0.10049549528496028,0.0,0.0,0.0,0.11014433421495701,0.15310151218227308,0.05606465562635134,0.0,0.0,0.0,0.11099152312686449,0.0,0.06613913941031486,0.0,0.0,0.0,0.0,0.0,0.0,0.12685996403202326,0.0,0.0,0.10431927123895544,0.14119993032245778,0.0,0.0,0.12378277955693176,0.13349801462469116,0.0,0.12847200682342982,0.0,0.1382362435195182,0.12287488436972298,0.07704865114021461,0.0,0.08920980772129514,0.0,0.0,0.0,0.0,0.0,0.0,0.0,0.0,0.0,0.0,0.0,0.0,0.0,0.0,0.0,0.0,0.0,0.0,0.0,0.0,0.0,0.0,0.0,0.0,0.0,0.0,0.0,0.05985059530584179,0.0384019218942232,0.0,0.0,0.0,0.0,0.0,0.0,0.0,0.0,0.0,0.0,0.0,0.0,0.029477942686509915,0.0,0.0,0.0,0.0,0.0,0.0,0.0
GD19,0.0,0.040148478426868105,0.02860914508175564,0.026758772258909894,0.06685320917152651,0.0,0.0,0.018798202346023845,0.03812624616770088,0.10573435657497021,0.0,0.0,0.0,0.0,0.0,0.04028088541757638,0.0,0.0,0.0,0.0,0.0,0.0,0.0,0.0,0.0,0.0,0.0,0.07268954587606163,0.0,0.07982668228421919,0.0,0.11306868008425577,0.15580845889822145,0.0,0.0,0.0,1.000000000000003,0.0,0.1087647929400971,0.0,0.06673660256442326,0.0,0.0,0.0,0.0,0.0,0.11958187534834364,0.1208966880343886,0.10389684088849112,0.0,0.17161168849137992,0.0,0.07731029187231345,0.11129592705701262,0.086655221472939,0.08847256118116098,0.08462862663464125,0.0,0.0,0.09764900767312865,0.0933333832215924,0.0,0.0,0.102060701341388,0.04549166515414548,0.0,0.0,0.09744923681013422,0.0,0.1227008488222897,0.0,0.0,0.0,0.16971511404076986,0.0,0.17444619009040713,0.10212535707288883,0.0534946819404275,0.013596521656869283,0.0,0.06027008551687317,0.0,0.0,0.0,0.0,0.0,0.08816171573968848,0.0,0.0,0.0,0.0,0.0,0.0,0.0,0.0,0.0,0.0,0.0,0.0,0.0,0.07992452072805074,0.04773834333329474,0.0,0.0,0.0,0.0,0.0,0.0,0.0,0.0,0.0,0.05641638858595261,0.0,0.0,0.0,0.06677825291060745,0.0,0.0,0.02474874559153145,0.0,0.0,0.0,0.0,0.0
GD20,0.0,0.0,0.0,0.0,0.0,0.0,0.0,0.0,0.0,0.0,0.0,0.09824887109620176,0.0,0.0,0.04629362850927386,0.0,0.05483478147698413,0.11217668619532405,0.19316702187495383,0.13038397924358397,0.0,0.0,0.1051784346041452,0.14545193798768472,0.1384339772714614,0.08535667840822092,0.0,0.0,0.0,0.0,0.0,0.0,0.0,0.0,0.0,0.0,0.0,0.9999999999999996,0.0,0.0,0.0,0.16717937729293075,0.13619423118674742,0.0,0.0,0.0,0.0,0.0,0.0,0.0,0.0,0.0,0.0,0.0,0.0,0.0,0.0,0.0,0.0,0.0,0.0,0.0,0.0,0.0,0.0,0.0,0.0,0.0,0.0,0.0,0.0,0.0,0.0,0.0,0.0,0.0,0.0,0.0,0.0,0.0,0.0,0.0,0.0,0.0,0.0,0.0,0.0,0.0,0.0,0.08110628951343332,0.0,0.0,0.0,0.0,0.0,0.0,0.0,0.0,0.0,0.0,0.0,0.0,0.0,0.0,0.0,0.0,0.0,0.0,0.0,0.0,0.0,0.0,0.0,0.0,0.0,0.0,0.0,0.1118041535796024,0.0,0.1353138900315581,0.09838405377549878,0.0758625610561425,0.07371389947436749,0.1418974867017491
GD21,0.0,0.06452293782386269,0.04440819079332909,0.0255498916795237,0.02985225915508011,0.0,0.0,0.04554214840699356,0.05573211921725651,0.16217890269455698,0.0,0.0,0.0,0.0,0.0,0.0182314503764769,0.0,0.0,0.0,0.0,0.0,0.0,0.0,0.0,0.0,0.0,0.0,0.031706420208512026,0.0,0.1648186352842866,0.0,0.12372624010372354,0.19453788462322535,0.0,0.0,0.0,0.1087647929400971,0.0,0.9999999999999997,0.0,0.23618495867791428,0.0,0.0,0.0,0.0,0.0,0.17054138381663397,0.10977075904216152,0.14098674643277234,0.0,0.16328170862652913,0.0,0.17426390473771275,0.13046197910424198,0.12679071072154996,0.16409173867264137,0.1018236915313035,0.0,0.0,0.14509192957258982,0.1294375683208699,0.0,0.0,0.09987027266850884,0.08860734811476467,0.0,0.0,0.14845162168258383,0.0,0.17238607493158498,0.0,0.0,0.0,0.16582083658487706,0.0,0.21242537920113858,0.08153341134685971,0.08139862018062163,0.019602258552374352,0.0,0.020293159092846368,0.0,0.0,0.0,0.0,0.0,0.05336157839220635,0.0,0.0,0.0,0.0,0.0,0.0,0.0,0.0,0.0,0.0,0.0,0.0,0.0,0.06540285048353939,0.08272937624494914,0.0,0.0,0.0,0.0,0.0,0.0,0.0,0.0,0.0,0.1353940002458882,0.0,0.0,0.0,0.021778782506031574,0.0,0.0,0.0431054706675807,0.0,0.0,0.0,0.0,0.0
GD23,0.0,0.0,0.0,0.0,0.0,0.0,0.0,0.0,0.0,0.0,0.04113634160820299,0.0,0.040960365988822335,0.06820312529328303,0.0,0.0,0.0,0.0,0.0,0.0,0.0,0.0,0.0,0.0,0.0,0.0,0.0,0.0,0.08099502470803853,0.0,0.1130649572556464,0.0,0.0,0.09473896466916742,0.13920809630622916,0.10049549528496028,0.0,0.0,0.0,1.0,0.0,0.0,0.0,0.1290394351586518,0.20234093994971358,0.057774570760217484,0.0,0.0,0.0,0.16264939755406402,0.0,0.073514342030981,0.0,0.0,0.0,0.0,0.0,0.0,0.157036329970797,0.0,0.0,0.10111542143176115,0.10343132692451679,0.0,0.0,0.15692250687745063,0.14528276985728467,0.0,0.13130316101787906,0.0,0.17259611018370555,0.16680517658313357,0.06969915213515238,0.0,0.08951598547168245,0.0,0.0,0.0,0.0,0.0,0.0,0.0,0.0,0.0,0.0,0.0,0.0,0.0,0.0,0.0,0.0,0.0,0.0,0.0,0.0,0.0,0.0,0.0,0.0,0.0,0.0,0.0,0.03599868360495393,0.029667502979187313,0.0,0.0,0.0,0.0,0.0,0.0,0.0,0.0,0.0,0.0,0.0,0.0,0.021775882567420433,0.0,0.0,0.0,0.0,0.0,0.0,0.0
GD24,0.0,0.03454254539422001,0.022353573530598025,0.015094793295431518,0.014853426528949427,0.0,0.0,0.006510895326076864,0.05062708207959014,0.1683057125477657,0.0,0.0,0.0,0.0,0.0,0.05106144927019623,0.0,0.0,0.0,0.0,0.0,0.0,0.0,0.0,0.0,0.0,0.0,0.019235168594594065,0.0,0.10295687817270635,0.0,0.09372310508196477,0.1234825843860691,0.0,0.0,0.0,0.06673660256442326,0.0,0.23618495867791428,0.0,1.0000000000000002,0.0,0.0,0.0,0.0,0.0,0.17955776806020582,0.056321766559583854,0.11020408145866235,0.0,0.11703555687937665,0.0,0.1340614842306059,0.0967956767597933,0.10959128181781472,0.11417188707823381,0.10172329683854381,0.0,0.0,0.10959841162844987,0.1199446109147887,0.0,0.0,0.07390225850156601,0.07344495088522239,0.0,0.0,0.10299006508138286,0.0,0.13256195103801655,0.0,0.0,0.0,0.14603960285225231,0.0,0.17278740433732553,0.07293133123332837,0.10072711579389039,0.02857597231574509,0.0,0.01656541096289781,0.0,0.0,0.0,0.0,0.0,0.031791891294696235,0.0,0.0,0.0,0.0,0.0,0.0,0.0,0.0,0.0,0.0,0.0,0.0,0.0,0.04040725198318268,0.06422007419024257,0.0,0.0,0.0,0.0,0.0,0.0,0.0,0.0,0.0,0.0864891950137127,0.0,0.0,0.0,0.01960854292884879,0.0,0.0,0.07561082808468109,0.0,0.0,0.0,0.0,0.0
GD25,0.0,0.0,0.0,0.0,0.0,0.0,0.0,0.0,0.0,0.0,0.0,0.09448283988809107,0.0,0.0,0.03202881248099561,0.0,0.05477365655156171,0.06365451711436515,0.13094392086614398,0.08156744761977013,0.0,0.0,0.1521554485432462,0.10547157382263128,0.0965409864360239,0.1178607335924193,0.0,0.0,0.0,0.0,0.0,0.0,0.0,0.0,0.0,0.0,0.0,0.16717937729293075,0.0,0.0,0.0,0.9999999999999994,0.222438815545404,0.0,0.0,0.0,0.0,0.0,0.0,0.0,0.0,0.0,0.0,0.0,0.0,0.0,0.0,0.0,0.0,0.0,0.0,0.0,0.0,0.0,0.0,0.0,0.0,0.0,0.0,0.0,0.0,0.0,0.0,0.0,0.0,0.0,0.0,0.0,0.0,0.0,0.0,0.0,0.0,0.0,0.0,0.0,0.0,0.0,0.0,0.18043324700807642,0.0,0.0,0.0,0.0,0.0,0.0,0.0,0.0,0.0,0.0,0.0,0.0,0.0,0.0,0.0,0.0,0.0,0.0,0.0,0.0,0.0,0.0,0.0,0.0,0.0,0.0,0.0,0.01475155458798355,0.0,0.01616892999668099,0.1653054930354419,0.009903543780522083,0.027723894506656112,0.22341338257775428
